0.000000 1.000000
0.010101 0.987901
0.020202 0.975822
0.030303 0.963787
0.040404 0.951814
0.050505 0.939927
0.060606 0.928146
0.070707 0.916491
0.080808 0.904984
0.090909 0.893646
0.101010 0.882497
0.111111 0.871558
0.121212 0.860848
0.131313 0.850389
0.141414 0.840199
0.151515 0.830299
0.161616 0.820708
0.171717 0.811445
0.181818 0.802530
0.191919 0.793980
0.202020 0.785814
0.212121 0.778051
0.222222 0.770707
0.232323 0.763800
0.242424 0.757347
0.252525 0.751364
0.262626 0.745868
0.272727 0.740874
0.282828 0.736398
0.292929 0.732455
0.303030 0.729058
0.313131 0.726222
0.323232 0.723959
0.333333 0.722284
0.343434 0.721208
0.353535 0.720743
0.363636 0.720900
0.373737 0.721690
0.383838 0.723123
0.393939 0.725209
0.404040 0.727957
0.414141 0.731374
0.424242 0.735469
0.434343 0.740248
0.444444 0.745718
0.454545 0.751885
0.464646 0.758753
0.474747 0.766328
0.484848 0.774612
0.494949 0.783609
0.505051 0.793321
0.515152 0.803749
0.525253 0.814895
0.535354 0.826758
0.545455 0.839338
0.555556 0.852634
0.565657 0.866643
0.575758 0.881363
0.585859 0.896790
0.595960 0.912920
0.606061 0.929748
0.616162 0.947267
0.626263 0.965473
0.636364 0.984356
0.646465 1.003910
0.656566 1.024126
0.666667 1.044994
0.676768 1.066503
0.686869 1.088644
0.696970 1.111405
0.707071 1.134772
0.717172 1.158735
0.727273 1.183278
0.737374 1.208387
0.747475 1.234048
0.757576 1.260245
0.767677 1.286961
0.777778 1.314181
0.787879 1.341887
0.797980 1.370060
0.808081 1.398682
0.818182 1.427735
0.828283 1.457198
0.838384 1.487052
0.848485 1.517276
0.858586 1.547849
0.868687 1.578751
0.878788 1.609958
0.888889 1.641450
0.898990 1.673204
0.909091 1.705196
0.919192 1.737404
0.929293 1.769805
0.939394 1.802374
0.949495 1.835089
0.959596 1.867925
0.969697 1.900859
0.979798 1.933865
0.989899 1.966920
1.000000 2.000000
